% boskop
mul cpu
ans =
   23.8270
ans =
   10.9681
mul gpu
ans =
   14.3000
ans =
    5.4156
pairwise mul cpu
ans =
    0.1991
ans =
    0.1091
pairwise mul gpu
ans =
    0.3666
ans =
    0.0265
idx gpu
ans =
    0.4025
ans =
    0.4168
>> 