% desktop
mul cpu
ans =
   58.4979
ans =
   29.3587
mul gpu
ans =
   29.3979
ans =
    0.8188
pairwise mul cpu
ans =
    0.6172
ans =
    0.2993
pairwise mul gpu
ans =
    0.0114
ans =
    0.0057
idx gpu
ans =
    0.0077
ans =
    0.0124
